4 0.000004
5 0.000005
6 0.000010
7 0.000009
8 0.000014
9 0.000027
10 0.000024
11 0.000028
12 0.000035
13 0.000043
14 0.000051
15 0.000063
16 0.000076
17 0.000083
18 0.000096
19 0.000111
20 0.000126
21 0.000134
22 0.000141
23 0.000164
24 0.000180
25 0.000197
26 0.000222
27 0.000238
28 0.000261
29 0.000294
30 0.000319
31 0.000351
32 0.000372
33 0.000407
34 0.000440
35 0.000486
36 0.000508
37 0.000552
38 0.000604
39 0.000635
40 0.000697
41 0.000765
42 0.000772
43 0.000828
44 0.000890
45 0.000945
46 0.000992
47 0.001056
48 0.001108
49 0.001231
50 0.001260
51 0.001314
52 0.001395
53 0.001465
54 0.001532
55 0.001620
56 0.001697
57 0.001795
58 0.001999
59 0.001973
60 0.002052
61 0.002257
62 0.002263
63 0.002361
64 0.002461
65 0.002575
66 0.002684
67 0.002845
68 0.002926
69 0.003044
70 0.003286
71 0.003300
72 0.003422
73 0.003568
74 0.003708
75 0.003835
76 0.004116
77 0.004143
78 0.004292
79 0.004463
80 0.004627
81 0.004788
82 0.005009
83 0.005118
84 0.005359
85 0.005769
86 0.005698
87 0.005933
88 0.006112
89 0.006323
90 0.006447
91 0.006654
92 0.006919
93 0.007085
94 0.007341
95 0.007540
96 0.007731
97 0.008143
98 0.008236
99 0.008591
100 0.008694
101 0.008968
102 0.009319
103 0.009628
104 0.009761
105 0.010099
106 0.010301
107 0.010681
108 0.010854
109 0.011186
110 0.011458
111 0.011775
112 0.012060
113 0.012408
114 0.012733
115 0.013017
116 0.013546
117 0.014005
118 0.014156
119 0.014427
120 0.014824
121 0.015097
122 0.015601
123 0.015796
124 0.016150
125 0.016556
126 0.016905
127 0.017342
128 0.017671