4 0.000008
5 0.000002
6 0.000001
7 0.000001
8 0.000002
9 0.000003
10 0.000003
11 0.000004
12 0.000004
13 0.000005
14 0.000011
15 0.000006
16 0.000008
17 0.000008
18 0.000009
19 0.000010
20 0.000013
21 0.000012
22 0.000015
23 0.000015
24 0.000016
25 0.000019
26 0.000019
27 0.000021
28 0.000024
29 0.000024
30 0.000028
31 0.000027
32 0.000028
33 0.000030
34 0.000032
35 0.000034
36 0.000036
37 0.000040
38 0.000041
39 0.000043
40 0.000045
41 0.000046
42 0.000049
43 0.000052
44 0.000056
45 0.000057
46 0.000058
47 0.000061
48 0.000066
49 0.000067
50 0.000070
51 0.000071
52 0.000075
53 0.000079
54 0.000080
55 0.000083
56 0.000086
57 0.000090
58 0.000093
59 0.000095
60 0.000099
61 0.000107
62 0.000105
63 0.000113
64 0.000112
65 0.000117
66 0.000119
67 0.000122
68 0.000126
69 0.000131
70 0.000135
71 0.000139
72 0.000141
73 0.000146
74 0.000151
75 0.000154
76 0.000158
77 0.000163
78 0.000167
79 0.000172
80 0.000179
81 0.000179
82 0.000185
83 0.000191
84 0.000193
85 0.000203
86 0.000202
87 0.000207
88 0.000211
89 0.000224
90 0.000222
91 0.000226
92 0.000231
93 0.000235
94 0.000242
95 0.000246
96 0.000251
97 0.000254
98 0.000259
99 0.000266
100 0.000271
101 0.000279
102 0.000283
103 0.000286
104 0.000292
105 0.000299
106 0.000305
107 0.000309
108 0.000315
109 0.000322
110 0.000328
111 0.000338
112 0.000338
113 0.000348
114 0.000348
115 0.000355
116 0.000374
117 0.000370
118 0.000375
119 0.000385
120 0.000389
121 0.000394
122 0.000401
123 0.000410
124 0.000413
125 0.000421
126 0.000429
127 0.000435
128 0.000441
