4 0.000009
5 0.000008
6 0.000010
7 0.000012
8 0.000016
9 0.000018
10 0.000021
11 0.000024
12 0.000027
13 0.000031
14 0.000035
15 0.000039
16 0.000049
17 0.000050
18 0.000053
19 0.000061
20 0.000065
21 0.000072
22 0.000079
23 0.000090
24 0.000090
25 0.000098
26 0.000109
27 0.000112
28 0.000120
29 0.000132
30 0.000139
31 0.000150
32 0.000165
33 0.000168
34 0.000180
35 0.000191
36 0.000190
37 0.000216
38 0.000217
39 0.000229
40 0.000235
41 0.000272
42 0.000261
43 0.000280
44 0.000282
45 0.000291
46 0.000316
47 0.000331
48 0.000331
49 0.000433
50 0.000360
51 0.000384
52 0.000384
53 0.000416
54 0.000408
55 0.000444
56 0.000441
57 0.000478
58 0.000492
59 0.000511
60 0.000504
61 0.000548
62 0.000563
63 0.000559
64 0.000598
65 0.000628
66 0.000626
67 0.000658
68 0.000647
69 0.000689
70 0.000703
71 0.000735
72 0.000718
73 0.000772
74 0.000786
75 0.000772
76 0.000808
77 0.000852
78 0.000869
79 0.000905
80 0.000894
81 0.000929
82 0.000978
83 0.001019
84 0.000987
85 0.001063
86 0.001069
87 0.001109
88 0.001096
89 0.001178
90 0.001128
91 0.001214
92 0.001191
93 0.001342
94 0.001283
95 0.001311
96 0.001320
97 0.001378
98 0.001339
99 0.001367
100 0.001390
101 0.001492
102 0.001511
103 0.001564
104 0.001509
105 0.001588
106 0.001659
107 0.001681
108 0.001618
109 0.001774
110 0.001755
111 0.001808
112 0.001767
113 0.001878
114 0.001887
115 0.001921
116 0.001879
117 0.001898
118 0.002025
119 0.002057
120 0.001983
121 0.002052
122 0.002162
123 0.002199
124 0.002145
125 0.002197
126 0.002191
127 0.002354
128 0.002418