4 0.000004
5 0.000002
6 0.000001
7 0.000002
8 0.000002
9 0.000003
10 0.000003
11 0.000004
12 0.000005
13 0.000006
14 0.000011
15 0.000007
16 0.000008
17 0.000009
18 0.000010
19 0.000011
20 0.000013
21 0.000013
22 0.000015
23 0.000016
24 0.000017
25 0.000020
26 0.000019
27 0.000022
28 0.000024
29 0.000024
30 0.000028
31 0.000029
32 0.000030
33 0.000031
34 0.000033
35 0.000035
36 0.000037
37 0.000040
38 0.000041
39 0.000043
40 0.000045
41 0.000048
42 0.000050
43 0.000053
44 0.000054
45 0.000059
46 0.000059
47 0.000063
48 0.000070
49 0.000066
50 0.000070
51 0.000072
52 0.000074
53 0.000079
54 0.000082
55 0.000084
56 0.000087
57 0.000091
58 0.000093
59 0.000097
60 0.000099
61 0.000104
62 0.000106
63 0.000114
64 0.000113
65 0.000137
66 0.000120
67 0.000123
68 0.000127
69 0.000131
70 0.000135
71 0.000138
72 0.000143
73 0.000149
74 0.000150
75 0.000153
76 0.000157
77 0.000162
78 0.000167
79 0.000172
80 0.000177
81 0.000178
82 0.000183
83 0.000188
84 0.000192
85 0.000199
86 0.000202
87 0.000209
88 0.000211
89 0.000217
90 0.000221
91 0.000226
92 0.000231
93 0.000236
94 0.000242
95 0.000245
96 0.000252
97 0.000254
98 0.000259
99 0.000266
100 0.000270
101 0.000277
102 0.000282
103 0.000288
104 0.000294
105 0.000303
106 0.000305
107 0.000310
108 0.000315
109 0.000322
110 0.000329
111 0.000333
112 0.000341
113 0.000343
114 0.000349
115 0.000356
116 0.000363
117 0.000370
118 0.000378
119 0.000381
120 0.000386
121 0.000394
122 0.000404
123 0.000411
124 0.000418
125 0.000423
126 0.000429
127 0.000434
128 0.000443
