4 0.000008
5 0.000009
6 0.000014
7 0.000015
8 0.000021
9 0.000025
10 0.000031
11 0.000024
12 0.000036
13 0.000031
14 0.000045
15 0.000045
16 0.000049
17 0.000050
18 0.000062
19 0.000061
20 0.000074
21 0.000089
22 0.000088
23 0.000084
24 0.000098
25 0.000105
26 0.000124
27 0.000142
28 0.000134
29 0.000137
30 0.000149
31 0.000147
32 0.000173
33 0.000188
34 0.000204
35 0.000192
36 0.000208
37 0.000204
38 0.000247
39 0.000245
40 0.000263
41 0.000253
42 0.000273
43 0.000273
44 0.000339
45 0.000311
46 0.000343
47 0.000329
48 0.000349
49 0.000367
50 0.000383
51 0.000409
52 0.000459
53 0.000416
54 0.000439
55 0.000507
56 0.000471
57 0.000495
58 0.000516
59 0.000498
60 0.000541
61 0.000553
62 0.000594
63 0.000585
64 0.000589
65 0.000686
66 0.000649
67 0.000649
68 0.000730
69 0.000745
70 0.000716
71 0.000720
72 0.000755
73 0.000774
74 0.000862
75 0.000868
76 0.000899
77 0.000845
78 0.000995
79 0.000890
80 0.000916
81 0.000931
82 0.001032
83 0.000980
84 0.001042
85 0.001128
86 0.001164
87 0.001168
88 0.001142
89 0.001144
90 0.001248
91 0.001202
92 0.001306
93 0.001306
94 0.001358
95 0.001367
96 0.001316
97 0.001360
98 0.001428
99 0.001418
100 0.001462
101 0.001468
102 0.001668
103 0.001531
104 0.001589
105 0.001642
106 0.001697
107 0.001633
108 0.001689
109 0.001686
110 0.001759
111 0.001817
112 0.001812
113 0.001832
114 0.002072
115 0.001975
116 0.002001
117 0.001947
118 0.002092
119 0.002226
120 0.002046
121 0.002058
122 0.002278
123 0.002230
124 0.002398
125 0.002310
126 0.002363
127 0.002274
128 0.002346