4 0.000002
5 0.000000
6 0.000001
7 0.000001
8 0.000002
9 0.000002
10 0.000003
11 0.000004
12 0.000004
13 0.000005
14 0.000011
15 0.000006
16 0.000008
17 0.000008
18 0.000009
19 0.000010
20 0.000013
21 0.000013
22 0.000015
23 0.000015
24 0.000016
25 0.000019
26 0.000019
27 0.000021
28 0.000025
29 0.000024
30 0.000028
31 0.000028
32 0.000029
33 0.000031
34 0.000034
35 0.000035
36 0.000037
37 0.000040
38 0.000040
39 0.000044
40 0.000045
41 0.000047
42 0.000049
43 0.000052
44 0.000054
45 0.000058
46 0.000059
47 0.000064
48 0.000069
49 0.000068
50 0.000070
51 0.000074
52 0.000075
53 0.000079
54 0.000081
55 0.000083
56 0.000088
57 0.000091
58 0.000093
59 0.000096
60 0.000100
61 0.000103
62 0.000106
63 0.000118
64 0.000113
65 0.000116
66 0.000119
67 0.000123
68 0.000127
69 0.000130
70 0.000134
71 0.000138
72 0.000142
73 0.000147
74 0.000150
75 0.000154
76 0.000158
77 0.000162
78 0.000166
79 0.000172
80 0.000175
81 0.000178
82 0.000183
83 0.000191
84 0.000192
85 0.000197
86 0.000201
87 0.000206
88 0.000212
89 0.000219
90 0.000220
91 0.000228
92 0.000232
93 0.000237
94 0.000241
95 0.000246
96 0.000253
97 0.000255
98 0.000260
99 0.000266
100 0.000271
101 0.000278
102 0.000284
103 0.000288
104 0.000294
105 0.000300
106 0.000307
107 0.000313
108 0.000316
109 0.000322
110 0.000327
111 0.000335
112 0.000340
113 0.000352
114 0.000350
115 0.000355
116 0.000383
117 0.000370
118 0.000375
119 0.000391
120 0.000389
121 0.000395
122 0.000401
123 0.000411
124 0.000414
125 0.000423
126 0.000428
127 0.000434
128 0.000445
