4 0.000002
5 0.000004
6 0.000004
7 0.000006
8 0.000006
9 0.000007
10 0.000010
11 0.000008
12 0.000007
13 0.000009
14 0.000010
15 0.000010
16 0.000012
17 0.000013
18 0.000014
19 0.000014
20 0.000015
21 0.000014
22 0.000017
23 0.000017
24 0.000017
25 0.000020
26 0.000018
27 0.000020
28 0.000021
29 0.000022
30 0.000023
31 0.000028
32 0.000025
33 0.000026
34 0.000027
35 0.000029
36 0.000029
37 0.000030
38 0.000032
39 0.000032
40 0.000034
41 0.000034
42 0.000037
43 0.000036
44 0.000037
45 0.000038
46 0.000039
47 0.000041
48 0.000041
49 0.000042
50 0.000044
51 0.000043
52 0.000045
53 0.000047
54 0.000048
55 0.000048
56 0.000050
57 0.000050
58 0.000053
59 0.000053
60 0.000054
61 0.000056
62 0.000058
63 0.000076
64 0.000061
65 0.000063
66 0.000063
67 0.000064
68 0.000065
69 0.000066
70 0.000069
71 0.000070
72 0.000070
73 0.000073
74 0.000074
75 0.000076
76 0.000077
77 0.000076
78 0.000078
79 0.000082
80 0.000083
81 0.000082
82 0.000085
83 0.000084
84 0.000085
85 0.000088
86 0.000089
87 0.000093
88 0.000093
89 0.000093
90 0.000096
91 0.000095
92 0.000103
93 0.000099
94 0.000100
95 0.000106
96 0.000107
97 0.000104
98 0.000107
99 0.000109
100 0.000109
101 0.000112
102 0.000113
103 0.000115
104 0.000115
105 0.000117
106 0.000118
107 0.000121
108 0.000121
109 0.000124
110 0.000126
111 0.000126
112 0.000128
113 0.000131
114 0.000135
115 0.000136
116 0.000136
117 0.000136
118 0.000139
119 0.000142
120 0.000147
121 0.000147
122 0.000146
123 0.000144
124 0.000146
125 0.000148
126 0.000148
127 0.000153
128 0.000158
