4 0.000002
5 0.000004
6 0.000006
7 0.000010
8 0.000015
9 0.000017
10 0.000026
11 0.000026
12 0.000031
13 0.000040
14 0.000054
15 0.000054
16 0.000067
17 0.000074
18 0.000086
19 0.000098
20 0.000116
21 0.000114
22 0.000141
23 0.000163
24 0.000155
25 0.000179
26 0.000185
27 0.000204
28 0.000229
29 0.000238
30 0.000271
31 0.000278
32 0.000301
33 0.000317
34 0.000343
35 0.000366
36 0.000389
37 0.000413
38 0.000436
39 0.000467
40 0.000494
41 0.000524
42 0.000555
43 0.000579
44 0.000614
45 0.000643
46 0.000674
47 0.000707
48 0.000744
49 0.000769
50 0.000814
51 0.000847
52 0.000895
53 0.000933
54 0.000971
55 0.001015
56 0.001059
57 0.001099
58 0.001159
59 0.001191
60 0.001244
61 0.001290
62 0.001346
63 0.001451
64 0.001448
65 0.001543
66 0.001556
67 0.001614
68 0.001670
69 0.001718
70 0.001792
71 0.001848
72 0.001906
73 0.001964
74 0.002032
75 0.002072
76 0.002158
77 0.002223
78 0.002285
79 0.002356
80 0.002444
81 0.002544
82 0.002570
83 0.002635
84 0.002707
85 0.002780
86 0.002861
87 0.002976
88 0.003022
89 0.003102
90 0.003187
91 0.003280
92 0.003372
93 0.003467
94 0.003524
95 0.003646
96 0.003853
97 0.003827
98 0.003902
99 0.004039
100 0.004095
101 0.004205
102 0.004372
103 0.004409
104 0.004503
105 0.004613
106 0.004699
107 0.004797
108 0.004920
109 0.005027
110 0.005149
111 0.005272
112 0.005402
113 0.005521
114 0.005615
115 0.005720
116 0.005880
117 0.005964
118 0.006096
119 0.006233
120 0.006345
121 0.006502
122 0.006617
123 0.006740
124 0.006863
125 0.006996
126 0.007160
127 0.007271
128 0.007429
