4 0.000000
5 0.000000
6 0.000000
7 0.000000
8 0.000000
9 0.000000
10 0.000001
11 0.000000
12 0.000000
13 0.000000
14 0.000000
15 0.000000
16 0.000001
17 0.000001
18 0.000001
19 0.000001
20 0.000001
21 0.000002
22 0.000001
23 0.000002
24 0.000002
25 0.000002
26 0.000002
27 0.000002
28 0.000003
29 0.000003
30 0.000003
31 0.000005
32 0.000004
33 0.000005
34 0.000004
35 0.000005
36 0.000005
37 0.000005
38 0.000005
39 0.000006
40 0.000008
41 0.000006
42 0.000008
43 0.000007
44 0.000007
45 0.000008
46 0.000009
47 0.000009
48 0.000009
49 0.000010
50 0.000010
51 0.000010
52 0.000011
53 0.000012
54 0.000012
55 0.000012
56 0.000013
57 0.000013
58 0.000015
59 0.000015
60 0.000016
61 0.000016
62 0.000017
63 0.000019
64 0.000019
65 0.000018
66 0.000019
67 0.000019
68 0.000020
69 0.000021
70 0.000022
71 0.000021
72 0.000022
73 0.000024
74 0.000024
75 0.000025
76 0.000026
77 0.000025
78 0.000025
79 0.000029
80 0.000029
81 0.000028
82 0.000029
83 0.000029
84 0.000030
85 0.000031
86 0.000032
87 0.000033
88 0.000033
89 0.000033
90 0.000036
91 0.000035
92 0.000040
93 0.000038
94 0.000037
95 0.000041
96 0.000040
97 0.000039
98 0.000041
99 0.000042
100 0.000043
101 0.000044
102 0.000046
103 0.000046
104 0.000047
105 0.000047
106 0.000046
107 0.000049
108 0.000050
109 0.000052
110 0.000053
111 0.000052
112 0.000053
113 0.000054
114 0.000056
115 0.000059
116 0.000059
117 0.000057
118 0.000060
119 0.000061
120 0.000062
121 0.000063
122 0.000064
123 0.000064
124 0.000063
125 0.000066
126 0.000069
127 0.000068
128 0.000070
